========================================30 sites vNum = (30, 40)========================================
# of times made by NN: 7000, average decision time: 0.005697424946618931 sec
Total numbers of reward: 101
Convergence step: 32, value: 1.7533815247700029
Convergence time: 449.57481240062043 sec
Minimum reward step: 58, value: 0.3638755227869766
Average training time: 0.4500248372378583 sec, total: 999
1.267235815423015
0.3360893807973654
0.38667135029943084
0.4717571607438869
0.4898562542318213
1.2104239565125279
1.392931902019974
1.4181559904530063
1.6060677608100045
1.4002170103782154
1.637804559221819
1.5463822227265218
1.4747898405913447
1.3905682793218799
1.5017438311938769
1.5975524705845592
1.4458150780804164
1.5673534014980022
1.453900422208818
1.527206514124157
1.4997245525568987
1.7162868748752436
1.4920937191806798
1.666790575524395
1.4704459767225786
1.5412104450646604
1.6013591711350417
1.5246300999814801
1.6547774711082794
1.3934786811115276
1.495169407797867
1.493197622348462
1.7533815247700029
1.2132194049392155
1.310134969649455
1.1609599368898167
1.13171609519818
1.2173696061010189
1.2486867031609288
1.1751987907626766
1.1911757329427537
1.1348539671023896
1.1641235325576134
1.2379216935755282
1.172293059393015
0.5508416517660466
0.45256642046275
0.40607968083129004
0.4724768997072951
0.4302086951083042
0.46750417012999274
0.5226060661530968
0.3917188147827088
0.4775843389816814
0.47495917940586146
0.48624076041253417
0.43987051416921646
0.4992101889994104
0.3638755227869766
0.46973249804873446
0.4194240521313025
0.4580745083620733
0.47638993518288053
0.42904656556676635
0.4454588146454384
0.4539610564725907
0.4616792422617281
0.5017356193837771
0.53181975090382
0.4513099324420668
0.45253367706997877
0.42877292110421805
0.4184957008811101
0.464179421849855
0.5013012800658907
0.5081034909311007
0.5128200101405007
0.5058494342431016
0.47651481217582514
0.48714036793477916
0.5503676667835519
0.43140054282608864
0.5189508637700674
0.586818154811168
0.46847025197073733
0.4166695487212981
0.45597057383472356
0.4534651692026999
0.43426255924081
0.5089887680466368
0.5237739409694057
0.5155478425601179
0.4589203631904604
0.4485500983402201
0.39243904951267927
0.5283986255755627
0.5047508384407565
0.4798107221690462
0.4503946063169611
0.43290942514510994
0.5545794136544585
