========================================30 sites vNum = (30, 40)========================================
# of times made by NN: 11000, average decision time: 0.005319430423138494 sec
Total numbers of reward: 151
Convergence step: 19, value: 0.7209359652481849
Convergence time: 294.6178833944723 sec
Minimum reward step: 112, value: 0.3265613092922707
Average training time: 0.19654295089691282 sec, total: 1499
0.7019194396455879
0.337999054476047
0.06323050065042023
0.0048136964793991655
8.933843589769993e-09
0.34777682997985065
0.3945642034917102
0.45356606903332264
0.4284095236788247
0.47251816838995
0.41689345760440566
0.42262073122731997
0.4689133330067727
0.49982469239240557
0.5149846002357531
0.533042106310037
0.5209230928086321
0.614444345831306
0.6493337456987948
0.7209359652481849
0.694257765850222
0.5886009739194218
0.5828910645813069
0.6417109851647517
0.6158542562619134
0.7103496265608077
0.6443950273536256
0.6964687394395989
0.6844343398134631
0.6489040504213658
0.7196766100628692
0.6919651509842404
0.5155543726085304
0.6632417853141596
0.5989769489733046
0.5868272721028812
0.6533499078890892
0.7052034675718736
0.6226567026470969
0.5529840719198105
0.6113705466684569
0.6908590128443365
0.37215244265938835
0.39047756861146693
0.33599597069136516
0.4627877934598493
0.34458045486234895
0.3907570072054789
0.41259297329494343
0.36300582927405756
0.3998826377870117
0.3948523106034424
0.37728978458813195
0.41179084154266804
0.41680369079673113
0.3731038362172423
0.3350516111772777
0.403035108097178
0.3705214769421872
0.36741153563773277
0.4129452552781235
0.36754879398434753
0.35395750931453374
0.34946264543598504
0.35531563056936144
0.3565475657667891
0.3381372070862648
0.3952249311495426
0.3918762486345335
0.40597622261893185
0.3611951551002178
0.3840363242176479
0.37849389193299987
0.3672702349494215
0.4113273608726968
0.35450605898592236
0.40532340303476594
0.3570698384583268
0.34153256764963474
0.3492579926888986
0.35763041908071164
0.3542943012776697
0.35665949889091714
0.4123220195810083
0.4133604447838565
0.4100043902517554
0.40027693772289935
0.3532855750869331
0.38528796953800426
0.3485684625106375
0.389948638508061
0.35402248000047526
0.38889023270430473
0.3728835531981323
0.36198342480829965
0.3942700413158893
0.34532108708141956
0.3615768417254538
0.3967878464624091
0.40002625455234786
0.3738216230786311
0.41717889311929407
0.3533732480845456
0.35523206224592907
0.38738061894401804
0.36628735382070815
0.39551469522882293
0.42582276107005673
0.37827613468055055
0.36205890567653676
0.35041040181888017
0.34594728811092457
0.3265613092922707
0.4259863707635898
0.3450095123840963
0.358742265272363
0.38726649947313263
0.3594818932025738
0.3723203307226058
0.36510713772878434
0.3383770807696954
0.3503700298559895
0.37509430555605683
0.35527470611207235
0.41039347664823794
0.3990403419754652
0.42425559461049966
0.34227346244774987
0.42352953415208233
0.381704107271727
0.3526089605885066
0.3388132715263813
0.33551145169836055
0.33804963350115325
0.4683228078199113
0.40689489637146503
0.36272751323217917
0.34471635487821517
0.37101239278292253
0.33408586121351086
0.39717036941797135
0.38890849172726816
0.37521354711799
0.45518609810702015
0.39201112235057395
0.3657348979207503
0.37562381973311715
0.38281769114316155
0.4185443279755638
0.41331250711423806
0.34851644901387646
