========================================30 sites vNum = (30, 40)========================================
# of times made by NN: 12000, average decision time: 0.005046087885973975 sec
Total numbers of reward: 151
Convergence step: 28, value: 0.6676859483606268
Convergence time: 304.9133282196708 sec
Minimum reward step: 11, value: 0.23501119409470214
Average training time: 0.20341115958617131 sec, total: 1499
0.616508952025334
0.25646653746179615
0.2216524936469483
0.1718511246785859
0.1993857735640768
0.14623676634663366
0.17189471109539944
0.19252686831343266
0.1843772179786507
0.22870188618594905
0.27344603238087584
0.23501119409470214
0.2413383012029748
0.25330834991521106
0.25438265213018146
0.31992003089610777
0.4141490825144332
0.45268026059426086
0.38231703879045503
0.4312490402839446
0.5103340334379282
0.554450577594358
0.5859013769694568
0.6088156157308443
0.5649121638855715
0.617651433373844
0.6395244257782052
0.6293271577761906
0.6676859483606268
0.6502041482080516
0.6258176447546928
0.5483268599360476
0.6080626690217672
0.6039823592224701
0.5936196103279763
0.604309718897316
0.6161441880956114
0.4884543646986583
0.6070905653505484
0.5334096494429481
0.5797530032928546
0.5935810907253151
0.5979274784625573
0.5751021102875039
0.6023561161849895
0.5856030746459268
0.5162408914893816
0.5719529767721263
0.563324598052675
0.583261297190922
0.5578173021331353
0.5816888061581499
0.5752437446547605
0.5569288826686942
0.6122041073925051
0.607637730336966
0.5922337614933135
0.593860833184553
0.5594738644882811
0.6115126350383836
0.6108429298596638
0.6100972374230256
0.5557247573668872
0.58166077687831
0.5753599388703743
0.5829776451297503
0.61228363245056
0.5650259776777028
0.5970824584051582
0.6172470243164745
0.5134038301017307
0.5646102292710076
0.5835504265438697
0.6119926801528242
0.5951837227068004
0.5976314446985014
0.6041560446324643
0.5508644311095943
0.5865884475138611
0.5990315675812712
0.640044628376999
0.5730280841119609
0.5315135483119682
0.6033428939311359
0.6059943425924921
0.5869437136568105
0.6071760264516304
0.5951944897336848
0.5534406699057592
0.5737891527923296
0.5539080165693001
0.6191160909706935
0.5939081619531831
0.6091309733617412
0.601905140894676
0.6048650897628518
0.6037333229988412
0.5614173153526572
0.6095403090413722
0.5902682902570766
0.5216200743834704
0.5919161646581714
0.5839793505863543
0.5915261197676391
0.6169144193037228
0.5909461283494735
0.5410618155354393
0.5641510155195909
0.5651720361940284
0.5633008735924888
0.5898338925243646
0.5649729989512234
0.6046480508328046
0.5681514731782518
0.5819045769282044
0.509596275390466
0.5271983393298892
0.5654771174971787
0.571867220864429
0.5678232142728337
0.5941621670796419
0.5148069556268349
0.5621762528027453
0.5470167725977805
0.5897525995506464
0.5745160888964613
0.5753885980082001
0.5545333526434972
0.5937131276370522
0.5823254073123963
0.5799263107921973
0.556034910102013
0.5898520940161674
0.5799631692519537
0.5673013526277385
0.561247266093817
0.595211373479668
0.569424774511341
0.5913791423586985
0.5606715405681467
0.6014160243302704
0.5396832254365189
0.5590475801458141
0.5601577012193459
0.5587625717969434
0.598518889406613
0.5907684328588676
0.5518469511407242
0.5564479566624799
0.5408274548457217
0.5586560925458568
