========================================30 sites vNum = (30, 40)========================================
# of times made by NN: 7000, average decision time: 0.005262984054030052 sec
Total numbers of reward: 101
Convergence step: 22, value: 1.3050159682450084
Convergence time: 442.1642134618014 sec
Minimum reward step: 100, value: 1.114999410172385
Average training time: 0.4426068202820835 sec, total: 999
1.275846524807272
0.2872544003395191
0.4313019425247164
0.40141840677079865
0.42359968410727744
0.4093950118768052
0.4771686846304415
1.205054314032985
1.268645793343995
1.1942417512308487
1.2311410240768017
1.1739103374140116
1.1232651266675837
1.1684765494406795
1.2761475274476581
1.2115301527991662
1.2829786080278125
1.2463340778819667
1.1700459022466296
1.2731731889957323
1.2315098878655855
1.1981507802632025
1.3050159682450084
1.2446780839255338
1.2890571931025345
1.2986471992102062
1.231787966565038
1.1897434002786416
1.2429618949071246
1.1772214106724481
1.2008306542025857
1.2437573544714433
1.2667604782243336
1.1998069275467236
1.1714321591593886
1.2232340867151126
1.2469069645679158
1.1978620839213614
1.2663208677129776
1.1795433278030203
1.2710436329922947
1.2207177447707145
1.264225768880656
1.2228689328767985
1.2765096093861263
1.1516524738400389
1.2729925773170176
1.228818874509866
1.2153067307404415
1.2497226184673615
1.2859241591443271
1.2508985927046334
1.2418602236092668
1.136652862148389
1.261555758905526
1.1932098396779676
1.2079524176348855
1.25539648629873
1.2511827713852977
1.165696424337505
1.2754221582220726
1.1912632675832522
1.2550222342543427
1.239656910742177
1.159967282144629
1.1585277798835967
1.126566799340805
1.2979148245194638
1.254148586547678
1.1734819865474861
1.2033072279723522
1.186150777578679
1.2005488950741796
1.1281116809272518
1.157788424514071
1.1450225221754167
1.1170877188960902
1.1886001779654007
1.1368444796257298
1.274958082973993
1.2478312854809215
1.2176534947722657
1.2197401349348616
1.2162909175453571
1.241040479650477
1.1736485914500698
1.2032705664893901
1.2051951634490927
1.1965974682478353
1.1839305913055795
1.1846663279273064
1.2122282808582232
1.1794560567401082
1.241723822782143
1.2037581722609316
1.2091844709374084
1.1635906322297138
1.1488072431463103
1.1314050913882154
1.1611132174051477
1.114999410172385
