========================================30 sites vNum = (30, 40)========================================
# of times made by NN: 11000, average decision time: 0.006343825253277001 sec
Total numbers of reward: 151
Convergence step: 141, value: 2.3338783446191487
Convergence time: 738.3431397136301 sec
Minimum reward step: 11, value: 1.7095504661856986
Average training time: 0.49255713122990663 sec, total: 1499
1.621532105737058
0.5527834355542158
0.5317675212489598
0.602764262610851
0.5807138364547934
0.6733452441918806
0.8295011623760783
1.8601934220157625
1.8370134462919674
1.8267008128328444
1.7942781201660454
1.7095504661856986
1.7103930052749288
1.7316746594214794
1.9097675916345702
2.258947403423362
2.2286296429511174
2.215658925517809
2.2055512079565536
2.1146578989631344
2.133096640506783
2.2505043546295607
2.191301222132129
2.2745228650176266
2.2309918037292245
2.302504129702475
2.282035436828105
2.2483597149996832
2.25885491360071
2.234117407705929
2.203063757577598
2.1706397787101874
2.1766845167673945
2.179604309526197
2.2397695314928576
2.2401174139872997
2.197107048805871
2.292680022543667
2.2337435791166893
2.3119983253772487
2.279055665778757
2.1842696924676646
2.0241923862172566
2.0795808654963177
2.110023949393831
2.2088403290317116
2.13157958735132
2.104901142658092
2.1562548778155466
2.1933536555293616
2.0727398893875106
2.1201912747934317
2.1289083797939043
2.1225702167674805
2.1779601091833047
2.1062027048916763
2.175631347802203
2.078059530728894
2.2135178974047363
2.0949364241673223
2.243450832726509
2.212341521735848
2.3114668470435316
2.2538037488434663
2.2685790519528
2.1590615513786715
2.198800450949004
2.2046851424604723
2.211487815090381
2.3032139833187655
2.2507857729224225
2.3044647574916
2.149746672687351
2.2510767411570067
2.2433404337969733
2.1773203384689737
2.208191077210028
2.2246742918646594
2.2446635654868046
2.146899379835546
2.2397361109952896
2.2145058250320444
2.176154821275763
2.2916426997760757
2.1506014143882344
2.2191745994641883
2.2533116168606626
2.2186077055282736
2.1857294689345146
2.3166677967909997
2.2780521761814048
2.2502232671704623
2.2480495785661665
2.305350360234891
2.276182387945428
2.1829982916109163
2.262993839449121
2.2593151549389723
2.2432067145799124
2.2051833269632453
2.201011884369113
2.234103504383079
2.1796578524792793
2.239265137567015
2.2919600737603405
2.3305966357150054
2.19865446148321
2.1751083181802433
2.2221141305486567
2.2585091086421154
2.2251372021755262
2.248972981401704
2.252034394382248
2.1506507952455034
2.2087265396720066
2.2626236722441355
2.288315099177198
2.244390892648275
2.206845342228982
2.241607216688447
2.2369169267256783
2.2580995303854867
2.250855737635171
2.192704555519924
2.1692645068523886
2.2919576411286933
2.212228295546108
2.2040632731696816
2.2139402364000325
2.304288850300957
2.1777797379101527
2.247764672587357
2.2524794294272907
2.167263060188395
2.261317717797007
2.2663948261717324
2.2004492869310868
2.233612046182032
2.177406581252739
2.257020496093668
2.2142016468956798
2.3338783446191487
2.2700513998070635
2.2423045083350575
2.208936694214308
2.1400929567157077
2.220952332529188
2.255507856459327
2.2645620537901823
2.2055257240899766
2.2591168351663966
