========================================30 sites vNum = (30, 40)========================================
# of times made by NN: 11000, average decision time: 0.006536759667648849 sec
Total numbers of reward: 151
Convergence step: 47, value: 0.5723363877179415
Convergence time: 353.4209715966135 sec
Minimum reward step: 11, value: 0.278177863825441
Average training time: 0.23577116183896832 sec, total: 1499
0.5753283070266767
0.05711877382536678
0.17319245302174868
0.3281332005880346
0.4978123578100825
0.328908925410555
0.48967916713629767
0.49828471910834915
0.3570842731403285
0.349213204619942
0.3091061803681681
0.278177863825441
0.38541305749139865
0.3791713918557088
0.3504594709002924
0.34611812076942
0.36462533598977553
0.4136052382475971
0.3429212473470584
0.46411671432355384
0.4845594416167184
0.4185287722570227
0.4451781616451461
0.5253054190510206
0.4588781076096099
0.38584679789823456
0.37175584444351306
0.5578484663196099
0.39818514360511004
0.41849857903224846
0.46099501190402004
0.3881394521627159
0.48902073282132297
0.4695622655182087
0.4881598518916659
0.41385290033902516
0.48606194502452754
0.4999645640658703
0.3979009189150735
0.4879524802943901
0.4193929087774573
0.44537266662605135
0.5141371847117745
0.4703458288334326
0.41419565585177925
0.39292718431096085
0.44911051215628633
0.5723363877179415
0.3677292385938603
0.4913160849003128
0.389116141436146
0.5230689404281955
0.4753843723176206
0.5014342840419866
0.5178660894430606
0.37509081893066337
0.46656023883232917
0.38928540610113244
0.4244643329569657
0.4791468533089098
0.5037803248910543
0.44058254646696193
0.40269685533046906
0.48959331069949846
0.44531413942854436
0.3797971229569
0.3722181100595723
0.41005016646572523
0.43379495324244294
0.4937334539180206
0.3950898438767277
0.4034552332537109
0.42907252000544394
0.4427349124093809
0.49192155001534926
0.37271286314953966
0.40160070592617225
0.4315407913707332
0.46652590112407455
0.4303845683964702
0.40948083531438506
0.42764097942461426
0.46185583961233223
0.4308065568847463
0.43062872120510803
0.4135626259357943
0.4281230955306222
0.4432917673805767
0.5038641336656592
0.5446636524817664
0.42017988531040595
0.47165666176572657
0.39652269926170447
0.40018137740212717
0.45827427184778374
0.5670839336332932
0.4479758949627305
0.38710016426176685
0.4036497136358618
0.4023895844564902
0.4918874462876684
0.4421581772095913
0.38759436921790325
0.4009029132198435
0.44186895901870893
0.4947565391496794
0.45573869056450994
0.44036988515681363
0.41675865054083905
0.4379536048351017
0.39001909882627167
0.49154937812923394
0.34468180657572794
0.41690305762449936
0.4622282074413948
0.4496585089884369
0.4393900022567678
0.4200564326555398
0.39423850364062074
0.42486843558483456
0.3965749851065836
0.3921362424189994
0.4795678949907098
0.3941922301354085
0.40784583822098247
0.3478193343985222
0.40166467848194903
0.42465738218713406
0.3947974279810328
0.39194388885740333
0.4023787723628789
0.36192611084039256
0.4040036304882715
0.44060806715164413
0.4397333749176864
0.46748351804221727
0.435400125807359
0.38057355626434697
0.44519941081234843
0.49547341354880514
0.5079870243996613
0.5212322331935687
0.4323432606997322
0.42325159824388164
0.47982870180435916
0.40806142867165496
0.44765618692032005
0.4590863183545585
0.43996143537948884
0.4868734979303701
0.4556506058009978
