========================================30 sites vNum = (30, 40)========================================
# of times made by NN: 8000, average decision time: 0.009478094930935186 sec
Total numbers of reward: 101
Convergence step: 28, value: 1.092557441941723
Convergence time: 59.747118330560625 sec
Minimum reward step: 49, value: 0.9512662288645934
Average training time: 0.05980692525581644 sec, total: 999
1.065347312995363
1.0245488269763354
0.981469866789646
1.0414538848161572
1.0886745028916527
0.9817147348369892
1.0301630471501895
1.049046617227217
1.044289170813332
1.0370887161004416
1.0482775316885595
0.9911067193438694
1.0108822461160725
1.0154164383228754
1.002566454875273
1.0201267251391917
1.0432988433468302
1.0263324305920667
0.9924703665408476
0.9696311138909156
1.0012825623399917
0.9565566470435263
1.0537863047445863
1.0246590044745492
1.0429299822250764
0.984253423644624
1.0123273890489919
1.0114230482878273
1.092557441941723
0.9895422171084945
1.0176058004518445
1.0110058395475665
1.009294621655685
1.0406536843824805
0.9528950550420697
1.074251480386313
1.0400565521679719
1.0327349451866439
1.0366749059157672
0.9750039705658861
1.0385354778888618
0.9993877503207459
0.9597211342613307
1.043586266448909
1.0027139893406174
1.0157193974217575
1.0276723746604184
1.0052680075211504
1.0534311360298239
0.9512662288645934
1.0628494937378665
1.055020756754696
1.0442474634808419
1.017297255265727
1.0621548852702274
1.0224718773556827
1.0317649701913927
1.0184829019413437
1.0174177962279134
1.036301006479937
1.033708690246628
0.9835763572806225
1.0154416102051977
1.0391139315245026
0.9872392652398133
1.0581621602943032
0.9715948262919778
0.9943179339423724
0.9697327129973199
0.9892829808921225
0.9595336940439387
0.9845916456921057
0.9970449100757953
1.0471222291893145
1.0338452514108463
0.9886936031886273
1.0199048798426882
1.0001026987496109
0.9931864505081086
0.978303271439293
1.029552492311792
0.9922072504878992
1.0337414757026615
1.0365825264664073
1.0085094801020305
1.028445294647106
1.0038159635772506
1.0289468750803161
0.9587237211202058
0.9657786007987842
1.025396592931908
1.0183386202067646
1.0719590086083806
1.0018144874638195
1.0215804506286223
1.0329902585116226
1.0084091902408179
0.9795045953451812
0.9913884568332975
1.0005196309830924
1.0186533647529687
