========================================30 sites vNum = (30, 40)========================================
# of times made by NN: 8000, average decision time: 0.009545178550644778 sec
Total numbers of reward: 101
Convergence step: 17, value: 1.1006742595935395
Convergence time: 62.53375077061355 sec
Minimum reward step: 64, value: 0.9332842494791892
Average training time: 0.06259634711773128 sec, total: 999
1.0605897111028193
1.0398228906429232
0.9983242200139307
1.0149583945917537
1.0635243824611966
1.0563359465480442
1.049967592305741
1.096219055534017
1.0436269844198174
1.004470773949265
1.0463076312588029
1.0271993559108241
1.0170749508303765
1.0310727773971642
1.0100942475212167
1.0197420526410195
1.0764476253444988
1.1006742595935395
1.0226482450960928
0.9968519761718142
1.0563560811414652
0.9964928497403804
1.0330114820548106
0.9730200751970921
1.0562465931141665
1.0010822531922918
1.0577469642151764
1.070616165355267
1.053639916460252
1.0168387683048732
1.033761666704853
1.0580844143488053
1.0315296482775604
1.0480722429196376
0.9703688596822072
0.9954035541483749
1.0108067621961578
1.0571471202863176
1.0422296461007214
1.0180273271737732
1.0283437397515993
0.9942604406853609
0.996087171781315
1.0194784070747995
1.0910367426896252
0.9852171968545683
1.042187196758469
1.0449791223677733
1.0865932198996051
0.9792684625788445
1.0678483003036228
1.0553458378015983
1.0222301096433122
1.0593420614961249
1.0612285397394448
1.0296793186669277
1.0591879205565733
1.0362199749299155
1.0464392451931042
1.0486563018766792
0.9774184227160095
0.9946200866789215
1.0240159284110464
1.0273371481877456
0.9332842494791892
1.0571642213409858
0.9561426734741194
1.0014931605919177
1.014846267886145
0.9395825307306742
0.9458719657652496
0.969681946928061
1.0210898520827514
1.0421264726220163
1.0139587820961073
1.0015681983156797
0.9810200101600711
1.0060731296237235
0.9625094977588592
0.9636999120845077
1.0136483533621174
1.0124628638926556
1.0295748627347676
1.0158239282979071
0.9925567933395959
1.0590284558666445
1.0194687240489795
0.9945566979106694
1.0082183184743998
1.0491577357086834
1.0518108132603219
1.0437793616164468
0.9957087354029985
0.9932276746741369
0.9950038911219974
1.0330669809177144
1.0135162735499263
1.002295295469759
1.0550681741292072
1.0379243192055114
1.0016093332668858
