========================================30 sites vNum = (30, 40)========================================
# of times made by NN: 11000, average decision time: 0.005005096431059593 sec
Total numbers of reward: 151
Convergence step: 34, value: 2.0190031109812567
Convergence time: 605.7290895213373 sec
Minimum reward step: 65, value: 0.2714352607474663
Average training time: 0.40408878553791683 sec, total: 1499
1.6349456281855128
0.5426849926692436
0.5003618514333287
0.5047443730773531
0.5682648211379379
0.6441936245914893
1.0240040447282899
1.0324911356242439
1.049561935661854
1.1089762822207536
1.0059574799993625
1.1936143997587916
1.3102877841002598
1.3051585383691908
1.5438010654050591
1.436525734299088
1.683540093731479
1.5614802536782293
1.6783947925551086
1.63079124381316
1.6700582976085885
1.656496909148416
1.6187658323213574
1.6957613460288377
1.6534616931379498
1.7005323704697426
1.722662156376535
1.7442959705789949
1.8888582845251165
1.8978513585861791
1.805271997018079
1.901118716644444
1.781425683274653
1.8710977014279198
2.0190031109812567
1.9462555658731424
1.9475090846464078
1.9031624106998077
1.9068949871978915
1.9208665492218808
1.9268224293052945
1.884606836976716
1.8835570792964256
1.940431386635276
1.9669677561491208
1.9184935074226497
1.9126265115485048
1.9292897483770435
1.5442527481951498
1.0241922568755
1.7736958335292463
1.7155601980865098
1.0275320707113726
1.020459065503597
0.6408403648892649
0.6859924726488791
0.6797160456027131
0.8080032790010041
0.7100308894417279
0.8161505682379915
0.7074926735849423
0.2928292883744871
0.3062962782844549
0.34967239037183967
0.2847418218643084
0.2714352607474663
0.540077432047245
0.5333527662612384
0.5198247597523313
0.5351630483773504
0.6886078785479874
0.665242159348199
0.3726815858872514
0.36461598877102014
0.37880111074334233
0.37031901355199454
0.3370760136772853
0.3960425529335836
0.6648722501473094
0.37093377037395286
0.566534731507946
0.5608314931165898
0.5693105459496883
0.574812431888125
0.5606680647615102
0.6207186119609112
0.6067900460658121
0.45187324486406466
0.39789951354676684
0.3528660330006554
0.34165526158139975
0.3443128082866764
0.32262175815592586
0.3457349275695616
0.27513068233153964
0.2903622151962052
0.3391025530192302
0.3981277346679883
0.3418340557271366
0.3345058214022217
0.3347682079999706
0.3238185124307551
0.38630956508173775
0.6364203950503703
0.3608561144254682
0.37387626231535387
0.3490973779717683
0.438492420961221
0.3435592781066912
0.3657171879015753
0.33715094385175093
0.39667046076467616
0.3478698689999179
0.391601350988632
0.40952285184868187
0.4036596000345347
0.3706668223303101
0.3420649079744542
0.3488320479756961
0.3843903064620146
0.405256058396434
0.3984934344746625
0.31800850402453273
0.3477705051463581
0.3819360133483239
0.35526644850689365
0.3999409181402057
0.3796389854842229
0.36651515648608374
0.3116096212749497
0.3450333407022439
0.34605090524901
0.31076981382830465
0.3807414583876136
0.33188325048483014
0.3659705023098341
0.3094824406199976
0.32750225264535054
0.3822231090107162
0.37850090225819
0.32040168202744523
0.3759238403461466
0.34043864875544727
0.31544281974453264
0.3803736698642697
0.36291638749246863
0.3547404568856008
0.39351731706208004
0.31115790931857906
0.29017789351391415
0.33560927153404774
