========================================30 sites vNum = (30, 40)========================================
# of times made by NN: 7000, average decision time: 0.005454210272391459 sec
Total numbers of reward: 101
Convergence step: 14, value: 2.3333198513001805
Convergence time: 441.71835277369246 sec
Minimum reward step: 93, value: 1.2084431677562473
Average training time: 0.4421605132869794 sec, total: 999
1.2640598829828464
0.27984093313868874
0.29561651409565226
0.2771017697960161
0.282853593981771
1.2038967246344128
1.205971893218941
2.2417650262353663
2.133508488260693
2.2432941053966857
2.2929519579915816
2.2465146002585974
2.2700831047046255
2.2171346473271107
2.3333198513001805
2.2751642011256075
2.291963448541475
2.1882080734914355
2.1970796478672376
2.223523588352095
2.240396449816129
1.4540405282665614
1.610439969770012
1.5132635266680727
1.3524535240577178
1.534808157378081
1.590236922654192
1.217908073009702
1.5191506405429385
1.3363641993204487
1.4151573763068053
1.3872734196578953
1.2906203130363425
1.3378336243639413
1.3020449162251346
1.3273661920278497
1.348631283034895
1.3051904631455773
1.3411602898311785
1.2568942410466055
1.3055920261109726
1.2739147599605034
1.396410561234331
1.3391863066147243
1.3636111816883811
1.2402598542779746
1.3120947155491445
1.2549387853092913
1.3277867248290962
1.3367480340282107
1.3352649766964615
1.3066956020154077
1.324842278140017
1.3932778052419843
1.3225740289193197
1.3217569550616295
1.3690438910992484
1.4193660675379471
1.3764773461554936
1.3645281263164555
1.3911010761653069
1.3431869132783831
1.34713699279036
1.414516820683462
1.2998112079240502
1.3345030732474634
1.3544919210789255
1.3694929890906624
1.3220075169104857
1.3372487143322496
1.3459766887872322
1.2770635636361896
1.3245349902143098
1.3718249424133189
1.3097744160220341
1.392738526792513
1.4014481400445271
1.3632275794110547
1.2500118516630696
1.366195897285352
1.2538110063157426
1.2353170314834878
1.2603348680061042
1.362138187032254
1.3421811073318386
1.3007213168779814
1.385062230081031
1.2623702593673258
1.3438842845137804
1.3334085283219792
1.3585022109924463
1.3759549865429823
1.4277860425963982
1.2084431677562473
1.4220302167019148
1.2153492695938724
1.3390000667542388
1.4765420116970203
1.337486960441815
1.3447131033331488
1.3423227818796901
