========================================30 sites vNum = (30, 40)========================================
# of times made by NN: 11000, average decision time: 0.006748007151636887 sec
Total numbers of reward: 151
Convergence step: 47, value: 2.8945364603582875
Convergence time: 796.6413957183249 sec
Minimum reward step: 143, value: 0.3375603136014035
Average training time: 0.5314485628541193 sec, total: 1499
1.60355797266918
0.36934737720288474
0.31248293148307993
0.3659658927531626
0.37643107130937004
0.4306319693258945
0.4056856420096347
1.661882327903179
1.614525366638244
1.6689946073592719
1.8663572510109363
1.9036576358381914
1.6651491092595745
1.787691027699272
1.6163182067347754
1.6364760356308796
1.834846975759369
1.708954859256708
1.8193499980872199
1.8444608428329412
1.7531435450383501
1.707195455596304
1.7980072831715177
1.7771108430832925
1.8670653373623836
1.9803286623585392
2.0369160075374704
1.9500527033069757
1.9589031938529518
1.8246490965546271
2.0815187092148624
1.909614581256604
1.8372454911327045
1.7452032558176216
1.9383181762723536
2.400244671793126
2.5608665948885436
2.4642876196025405
2.490372195993088
2.510669127939606
2.4479359065355566
2.8223642737652557
2.7708601967658866
2.7943533392072455
2.8177928969597605
2.765856479227537
2.8213135505659177
2.8945364603582875
2.7038345031190074
2.8079141892050425
2.851420639466032
2.8109433097574494
2.8201365909017277
1.883342679197069
1.964553438457381
0.7984804413032964
0.7413281195145263
0.7539448977360466
0.4366481777593512
0.8743998220579092
1.2884251872990444
2.6137649967094263
1.7916353499030406
2.5776828418222393
2.02117866351718
2.3522870579482205
2.3737774726686935
2.647459962661527
2.613526204587997
2.800647715783593
2.420512924753561
2.2290523830656954
2.432422117914142
2.3554905464169646
2.3726990766533023
2.35250030940569
2.4770848169367814
2.3842957928001915
2.4620377700903306
2.532650143595086
2.4155214115462598
1.907223870421925
1.3037785048011659
1.4251394321721171
1.4821093430876997
1.409424489995521
1.3759110699460861
1.4614919692753556
1.2822791215001346
1.3953572520561062
1.4105282649484365
1.3892965177977659
1.3662457121758178
1.3781422558687095
1.4817062106286767
1.4050223681257177
1.429318603255993
1.3583030002112304
1.3975701103083664
1.3812032037061874
1.3102769722774754
1.3837261985712503
1.4283920969301462
1.3747467855294022
1.321138621560625
1.4534541380676205
1.360067731731582
1.3977429547419498
1.303508270473076
1.3620721253633017
1.3651944693463052
1.3362399134134797
1.4719677600401622
1.458361121321285
1.277026631260246
1.3940170453327232
1.4874496337596712
1.3956832510026904
1.4100197596223103
1.4285501584894253
1.4207815240819373
1.348049981213678
1.4325010824730982
1.4248113540451492
1.3232221313315191
1.3225658031416827
1.3407399799918773
1.3676554813351474
1.2944250954512235
1.4410572525334089
1.3965309638218608
1.2940691828674407
1.4628303359414816
1.3269193987191426
1.4318122856669973
1.3683211151525263
1.340187017079398
0.7591564595743818
0.7269164045475103
0.4327534499748733
0.432139567662369
0.3950077649118115
0.39513407305617065
0.3375603136014035
0.40949648776289427
0.39253276700813805
0.3573324024862744
0.34724441908334575
0.37903555798476674
0.41098516049077
0.47339610567657964
