========================================30 sites vNum = (30, 40)========================================
# of times made by NN: 8000, average decision time: 0.01027790772006847 sec
Total numbers of reward: 101
Convergence step: 51, value: 1.0891590472264705
Convergence time: 61.86692363861948 sec
Minimum reward step: 69, value: 0.924702212767276
Average training time: 0.061928852491110596 sec, total: 999
1.0517099479562793
1.018374110997045
0.9675042679093699
1.0186373637597903
1.0562944883048306
1.047246322411914
1.0216969446938104
1.0070211904692121
1.0460194110519694
1.0398675891607043
1.053658386140373
1.0112941560412907
1.0319165812066782
1.0117401713638736
1.0227725291503298
1.0262929646856445
1.043774634736515
1.0754298918170557
0.9970923540443287
1.0032677190833845
1.0368644065922843
0.9773422030575769
1.056310304434858
0.9853593955090261
1.0828116778024208
1.0519382791844922
1.0354822623786584
1.051397399324431
1.0689484881595144
0.9863582954857063
1.069423211619283
1.0509972385223625
1.0240928937969145
1.0434669143276833
0.9961002512487633
1.0258014804854851
1.0352973728588815
1.0178951884507665
1.0516719511044392
1.0455129620334795
1.081796388324072
1.0354278180142193
1.0107597361262992
1.0385702999375201
1.0817803272105324
1.0150298115232506
1.0298031979237585
1.0447424263599887
1.0084416494975494
1.0035735604231903
1.0623770860708581
1.0891590472264705
1.0888771025260673
1.072189636277489
1.0862543638007285
1.0108477126273367
1.0205161773129385
1.0528199479661777
1.002837728546271
1.0773442447614032
1.0545545607388411
1.014155368269581
1.000190274787501
0.9986934463578424
0.9597451465486003
1.020920162415929
0.9692304173078193
0.9894929642451704
1.0348337334492754
0.924702212767276
0.982789027154297
0.9600934598251133
0.9918369042806903
1.0580710402354345
1.0432688388303974
1.01733505318846
1.0053794452844675
1.035012121520419
0.9470124086231445
0.9670862374406834
1.0188326043495537
0.9991493739499073
1.038202885895624
0.9864619196571315
0.9801568637808861
1.029500472271279
0.995195153869105
1.017954197901484
0.954124325625098
0.9857478756907986
1.0524796307740787
1.041170521195369
1.0649216100275407
1.0211704595347546
1.000435518174562
1.0136077530770677
1.0386323125091368
1.0114625409871116
0.9989718558481822
1.0306727924780166
1.0006530842168484
