========================================30 sites vNum = (30, 40)========================================
# of times made by NN: 11000, average decision time: 0.005072584145617756 sec
Total numbers of reward: 151
Convergence step: 43, value: 1.5231995938648262
Convergence time: 294.5910180993378 sec
Minimum reward step: 94, value: 0.5693095055536969
Average training time: 0.1965250287520599 sec, total: 1499
0.6343574223179671
0.6322203347560644
0.5932344070826686
0.5155070529186648
0.8883767834621168
0.7784262629599853
0.9075269115205223
0.8120445696939933
1.5256754847564613
1.485618195171223
1.2635439881705794
1.2852863320298702
1.3374323327973356
1.3234010766138207
1.2365421774642982
1.3293213845953131
1.2994509253472395
1.2674336341163706
1.3740036884698574
1.507545097496246
1.3471943757601843
1.5011052158240397
1.2683990405401935
1.3700914044984032
1.2008477711638796
1.4111841457657532
1.4443212007979804
1.3710302148902576
1.365732786619534
1.3898874996000654
1.2676603174760723
1.3445296292792674
1.3416713071833053
1.3105530611214418
1.3610039889156746
1.3586586406636458
1.4170228644126237
1.2078587670291199
1.3270118166599942
1.3481020856048334
1.3953250711415899
1.3871591064758857
1.417223517423411
1.5231995938648262
0.6531701228806139
0.6028589995740607
0.6053565756078464
0.6723715278085963
0.6888873259319267
0.7010769441956795
0.6198438881915261
0.6955702551315506
0.6027435676436287
0.6721540234413029
0.6873850593000224
0.648892725739294
0.6615050358414508
0.66879470633897
0.6263018491971677
0.6579069717725499
0.6524813631175465
0.6861255490093037
0.6833102763540766
0.6446066658833809
0.627027766632009
0.6791783805401156
0.6847798393796387
0.6655533645900963
0.6527952920620592
0.6553205099462382
0.6626777862008316
0.6277948183402347
0.6604710403674562
0.6406660368916194
0.6231137958301567
0.6788276674248983
0.6581550237889436
0.6407040694581423
0.6843504609690815
0.6899543804523502
0.6683738647075473
0.6840522680303129
0.6426466957213622
0.662504493653626
0.6524188585404633
0.6609571078154377
0.646071631677539
0.6730965513363867
0.654783836748312
0.644179851391271
0.6554619086447498
0.674596101850367
0.6583712727793909
0.6352135461954889
0.5693095055536969
0.6815980594735462
0.7057931285877266
0.5911569679939158
0.5752371033358168
0.5966028737525392
0.6559475610612364
0.6028184193869314
0.6832857298317262
0.6368896060842038
0.6807949733758106
0.7139569940687831
0.6822697361985551
0.6279574648276107
0.6228853415740075
0.6865698892124841
0.6902175358731717
0.6819043195342138
0.6236230088539731
0.6711201396021756
0.6065036197855025
0.6352155575369545
0.6604445125476309
0.6774820984956519
0.6643060063777567
0.7083938178298795
0.5913328790546959
0.687619270411361
0.6206325638782475
0.6593016419540753
0.6369514034193503
0.6725290962459853
0.6046409717025311
0.6076995698790466
0.638395416696355
0.6875712595557865
0.6756468854259213
0.6039689895823649
0.6547090299132379
0.6826962085535142
0.6588331473558863
0.6785036353122946
0.6181641818809284
0.5835519382618185
0.6633646735086015
0.675496784419505
0.6128009928561374
0.6537089393964672
0.6539823559287042
0.6873778130654468
0.6808253329098496
0.6080318885337904
0.6301408902087655
0.6707052765428009
0.6626733463761731
0.6600875599340814
0.6542664124164946
